Species	med	q025	q975	mass	medPred	q025Pred	q975Pred
Acinonyx_jubatus_dnaZoo	-0.240393436909224	-0.355812631850167	-0.122825809360325	4.66931688056611	-0.226812875569213	-0.260415132148978	-0.194167070331016
Addax_nasomaculatus	-0.227370404622815	-0.338135050724356	-0.113781404681619	4.84509990127233	-0.24471380807137	-0.273347731039423	-0.216317037729457
Aepyceros_melampus	-0.310603558056882	-0.427838791625691	-0.199329499481604	4.72016013063275	-0.231978154440697	-0.261953552258724	-0.198735381025818
Ailuropoda_melanoleuca	-0.308936270691161	-0.415482811149061	-0.196379873423256	5.03502928220237	-0.264066637064282	-0.289375411689082	-0.239037240868408
Alces_alces_gigas	-0.373718346071746	-0.492508456961973	-0.262969364592445	5.55266578308307	-0.316824775321687	-0.345245402938346	-0.286755112356755
Alces_alces_shirasi	-0.359239478153018	-0.47250475739357	-0.246345689649814	5.55266578308307	-0.316824775321687	-0.345245402938346	-0.286755112356755
Alces_americanus	-0.385100468685194	-0.50672002935629	-0.274296693213267	5.55266578308307	-0.316824775321687	-0.345245402938346	-0.286755112356755
Ammotragus_lervia	-0.292884278892118	-0.40679266350136	-0.179842911415949	4.68124123737559	-0.227966381498424	-0.260920011508662	-0.195382685124943
Antidorcas_marsupialis	0.0158861733394483	-0.127497676656134	0.157171336174799	4.4983105537896	-0.209188158152935	-0.247600748748773	-0.169517528510989
Antilocapra_americana	-0.369237239452638	-0.484042734418828	-0.254879911537772	4.66353980145613	-0.22618858311232	-0.260017932616618	-0.193442544350156
Axis_porcinus	-0.296652431424285	-0.406604878040819	-0.182706778639018	4.533108293006	-0.212835566879094	-0.251328890961344	-0.17582512901878
Babyrousa_celebensis_dnaZoo	-0.0911765644669977	-0.21187097128187	0.0356295456700267	4.92596922528502	-0.252867447834645	-0.278306254434162	-0.225091110244385
Beatragus_hunteri	-0.301396791930012	-0.420771522480058	-0.185188299559334	4.90308998699194	-0.250588173842875	-0.275993264578184	-0.221778100589046
Bison_bison_dnaZoo	-0.326514855403872	-0.440228814599316	-0.215543018092031	5.76287001613525	-0.338334903359181	-0.373710477346887	-0.302579498236204
Bison_bonasus	-0.399500168287642	-0.505620273071988	-0.289309802348688	5.69897000433602	-0.331875105658688	-0.365589424731379	-0.298934678009147
Bos_gaurus	-0.364880464146062	-0.480588146507724	-0.241194808355512	5.91645394854993	-0.353968039835721	-0.39477669814741	-0.312906759015804
Bos_grunniens	-0.345389065540888	-0.458873597215494	-0.236783196998091	5.73739144997848	-0.335756622009533	-0.371540033608293	-0.302410284589953
Bos_indicus	-0.300192479079224	-0.417649461343277	-0.187562525622545	5.95424250943933	-0.357856247100272	-0.400835055779052	-0.315897738205919
Bos_javanicus	-0.348738645187576	-0.466676557677899	-0.234650117294824	5.84509804001426	-0.346691641454056	-0.384944820514943	-0.308152049702383
Bos_mutus	-0.277921741525885	-0.392375131079279	-0.166610029595905	5.73739144997848	-0.335756622009533	-0.371540033608293	-0.302410284589953
Bos_taurus	-0.419230122397027	-0.547105716402866	-0.294813606533024	5.95424250943933	-0.357856247100272	-0.400835055779052	-0.315897738205919
Bubalus_bubalis	-0.30142388930266	-0.419185831369198	-0.174533795793126	5.86033800657099	-0.34823310579736	-0.387859561409097	-0.310072053617177
Budorcas_taxicolor	-0.495431199326583	-0.611915692093078	-0.378654080122427	5.48000694295715	-0.309342159303001	-0.337275537747639	-0.282221704986109
Camelus_bactrianus	-0.403025777898963	-0.511617941749132	-0.286838881323849	5.90308998699194	-0.3526116331412	-0.393139461128181	-0.312231755964271
Camelus_dromedarius	-0.366155308215728	-0.483546926881773	-0.255708297140485	5.90308998699194	-0.3526116331412	-0.393139461128181	-0.312231755964271
Camelus_ferus	-0.395870909643731	-0.510056043531198	-0.278609108247093	5.83884909073726	-0.3460395516625	-0.384153342981481	-0.307842251221663
Capra_aegagrus	-0.233496659129805	-0.352954609275739	-0.124036124469806	4.52504480703685	-0.212007819765752	-0.250734348874653	-0.174718934474759
Capra_ibex	-0.240596607344066	-0.355838278284264	-0.130566936562219	4.93026879985888	-0.25329127692968	-0.278664435238596	-0.225640110447406
Capra_sibirica	-0.242617689193648	-0.360115883424261	-0.129508523724106	5.11394335230684	-0.272047379611838	-0.295467357841142	-0.246478680598803
Catagonus_wagneri	-0.189364665840751	-0.300732649040523	-0.0647322420754174	4.55103990850155	-0.214615910347545	-0.252638115518374	-0.178395530751608
Ceratotherium_simum_cottoni	-0.431357583794681	-0.551449585158013	-0.323142266684754	6.46981999908046	-0.410782909540098	-0.474682746823638	-0.347531828395051
Ceratotherium_simum_simum	-0.434186032823094	-0.546498086852915	-0.323384861838865	6.46981999908046	-0.410782909540098	-0.474682746823638	-0.347531828395051
Cervus_canadensis	-0.332275733871432	-0.439681096683377	-0.218215538863757	5.11809931207799	-0.272495658223619	-0.295331684258572	-0.246383678689821
Cervus_elaphus_hippelaphus	-0.161379680248244	-0.283355041270537	-0.0463292706244997	5.11809931207799	-0.272495658223619	-0.295331684258572	-0.246383678689821
Cervus_hanglu_yarkandensis	-0.309758840032405	-0.424317609222398	-0.18939285510471	5.11809931207799	-0.272495658223619	-0.295331684258572	-0.246383678689821
Cervus_nippon	-0.138280400809396	-0.256939198508253	-0.0250442489390487	4.72427586960079	-0.232396893758814	-0.262337260652496	-0.199345877706387
Connochaetes_taurinus	-0.154381960125792	-0.28548007019508	-0.0246301926813644	5.25527009234948	-0.286262946842223	-0.310492650249758	-0.261821087330482
Crocuta_crocuta_dnaZoo	-0.216783942601339	-0.32993697111635	-0.0997281570412894	4.79933986009671	-0.240052620111749	-0.269041158285058	-0.210026602086368
Dicerorhinus_sumatrensis_sumatrensis	-0.40648108092149	-0.517266473359628	-0.287255391820404	6.10266245618515	-0.373129842147129	-0.421777429411459	-0.325285932589837
Diceros_bicornis	-0.281266146338739	-0.39141198222449	-0.168411981290553	6.07207000140034	-0.369919275546543	-0.417489816381899	-0.323434859062481
Diceros_bicornis_minor	-0.425611827668145	-0.53347458040774	-0.312941916842234	6.07207000140034	-0.369919275546543	-0.417489816381899	-0.323434859062481
Elaphurus_davidianus	-0.550689033767305	-0.670642917467939	-0.435548169845227	5.17318626841227	-0.277965979972608	-0.302275658468756	-0.254019234337161
Elephas_maximus	-0.378688949457218	-0.500847091005859	-0.259767141169975	6.4996870826184	-0.413858241374719	-0.478782740442378	-0.34912044271844
Equus_asinus	-0.310991641760251	-0.430079318775924	-0.197142379766724	5.43933269383026	-0.305096719914293	-0.33214119101642	-0.278737631723491
Equus_asinus_somalicus	-0.392573052579697	-0.515033093548192	-0.281855099311982	5.43933269383026	-0.305096719914293	-0.33214119101642	-0.278737631723491
Equus_caballus	-0.253674311547822	-0.370282025778398	-0.135322660853397	5.30102999566398	-0.29100981985673	-0.316862842596591	-0.267470619482793
Equus_grevyi	-0.286266283559985	-0.40021873640467	-0.163357338229732	5.54406804435028	-0.315922612065343	-0.344110292729496	-0.286000302715456
Equus_hemionus	-0.250501571752801	-0.366627665161435	-0.124060224691354	5.30102999566398	-0.29100981985673	-0.316862842596591	-0.267470619482793
Equus_kiang	-0.310919306602584	-0.433116167538941	-0.178716753982954	5.39794000867204	-0.30084799020762	-0.32748290420688	-0.275531847085378
Equus_quagga_dnaZoo	-0.136892958776156	-0.252603019571428	-0.00932863910340271	5.24303804868629	-0.285042230107975	-0.309036354751953	-0.260506468696918
Equus_zebra_dnaZoo	-0.220502620668675	-0.34588131405344	-0.106792707903127	5.38021124171161	-0.299044929921543	-0.324688255957547	-0.273182746241262
Giraffa_camelopardalis_antiquorum	-0.221323892304524	-0.333726332590218	-0.103534155122024	5.95424000017507	-0.357856012840673	-0.400834694253089	-0.31589761324121
Giraffa_camelopardalis_rothschildi	-0.273960129999148	-0.383440167877221	-0.151431496084578	5.95424000017507	-0.357856012840673	-0.400834694253089	-0.31589761324121
Giraffa_tippelskirchi	-0.397535962152931	-0.517342084453576	-0.273303590455022	5.95424000017507	-0.357856012840673	-0.400834694253089	-0.31589761324121
Gorilla_beringei_beringei	-0.467040663204639	-0.577538489139563	-0.354754193960728	5.11394335230684	-0.272047379611838	-0.295467357841142	-0.246478680598803
Gorilla_beringei_graueri	-0.456047060771323	-0.56832022898961	-0.340952198772759	5.11394335230684	-0.272047379611838	-0.295467357841142	-0.246478680598803
Gorilla_gorilla_diehli	-0.293565337999907	-0.418825921747581	-0.176338681608969	5.0826058726979	-0.268946655620536	-0.292362318859953	-0.242940416455412
Gorilla_gorilla_gorilla	-0.2556319840711	-0.368218146636944	-0.139714734538453	5.0826058726979	-0.268946655620536	-0.292362318859953	-0.242940416455412
Helarctos_malayanus_dnaZoo	-0.241237948559668	-0.360503594128699	-0.129805739599594	4.66745295288995	-0.22661768825027	-0.260286978944352	-0.19390321989613
Hemitragus_hylocrius	-0.591135448262079	-0.714758399646335	-0.468578221909429	4.8750612633917	-0.247734398598884	-0.274679258282558	-0.219125598045547
Hexaprotodon_liberiensis	-0.452036148150768	-0.578991012798317	-0.333583514296135	5.37107007994002	-0.29812137473081	-0.323627567392564	-0.272431782526929
Hippopotamus_amphibius	-0.288887313578591	-0.408066591865789	-0.177188476360248	6.15152000374827	-0.378172667674838	-0.428837028228668	-0.32859574308114
Hippotragus_niger_niger	-0.318781446459101	-0.436978158870385	-0.21066789259438	5.35698006470036	-0.296675020988948	-0.322402877552907	-0.271528230673557
Hyaena_hyaena	-0.207719974620875	-0.334658091300503	-0.0862596231566063	4.62018916687844	-0.221781937318417	-0.255805052916361	-0.186350270270038
Hydrochoerus_hydrochaeris_dnaZoo	-0.186991757853443	-0.311817901595226	-0.0630788284504599	4.69897000433602	-0.229797357947893	-0.262542568652241	-0.198058887516799
Kobus_ellipsiprymnus	-0.176942190533009	-0.305120328843595	-0.0507338833190255	5.32221991515416	-0.293142805339259	-0.319273668403636	-0.269472061949557
Kobus_leche_leche	-0.355927170265329	-0.476849451632692	-0.236594284442455	5.04433981348253	-0.265023036107838	-0.290084898691713	-0.239975096986378
Lama_glama_dnaZoo	-0.178496185269739	-0.29504415888102	-0.0632916623575585	5.07918124604763	-0.268602347948476	-0.291782612895672	-0.242270789215435
Lama_guanicoe_cacsilensis	-0.179235604969543	-0.294957099975229	-0.0608338366305092	5.07918124604763	-0.268602347948476	-0.291782612895672	-0.242270789215435
Lama_guanicoe_guanicoe	-0.344624001389757	-0.457682596877411	-0.229989167297762	5.07918124604763	-0.268602347948476	-0.291782612895672	-0.242270789215435
Litocranius_walleri_dnaZoo	-0.149687668981582	-0.265913286622512	-0.039474072417269	4.57978016796263	-0.217595993493727	-0.252368678476192	-0.180075224416687
Loxodonta_africana	-0.442207810309497	-0.561116881263594	-0.332302860584401	6.64345267648619	-0.428661758231541	-0.50246960466692	-0.360457725096614
Loxodonta_cyclotis	-0.331166560251125	-0.441735908371441	-0.210164139515167	6.64345267648619	-0.428661758231541	-0.50246960466692	-0.360457725096614
Macropus_fuliginosus_dnaZoo	-0.227807740198987	-0.346625622475404	-0.112032653543789	4.34242268082221	-0.193216382037832	-0.237159126633912	-0.147685482268327
Macropus_giganteus_dnaZoo	-0.170145290752571	-0.292613717492248	-0.0520342811720508	4.41288035846497	-0.200473642669801	-0.24116629009645	-0.156924084089127
Macropus_rufus_dnaZoo	-0.127273935736017	-0.238787984386567	-0.0127539169479396	4.66511173707505	-0.226356279197457	-0.260126010086365	-0.19366819370122
Myrmecophaga_tridactyla	-0.0108946041364698	-0.136683090697302	0.116094509486526	4.34895095517055	-0.193918422274418	-0.237662288860244	-0.148622791959431
Nanger_granti	-0.19704274629341	-0.308714605749254	-0.0812711919466112	4.74036032060879	-0.23404361724103	-0.264495467004499	-0.202509065093772
Odocoileus_hemionus_hemionus	-0.246956867055804	-0.358571851158201	-0.134861673362638	4.73410023625266	-0.233381609558336	-0.264013697255041	-0.201630927841132
Odocoileus_hemionus_sitkensis	-0.391662480010367	-0.518397403716066	-0.261481334387639	4.73410023625266	-0.233381609558336	-0.264013697255041	-0.201630927841132
Odocoileus_virginianus_borealis	-0.104498403030045	-0.218378638804984	0.0227353496557535	4.74436027399116	-0.234461309577517	-0.264897515845057	-0.203087272720583
Odocoileus_virginianus_dnaZoo	-0.0210229969422918	-0.154415728113408	0.111983072878181	4.74436027399116	-0.234461309577517	-0.264897515845057	-0.203087272720583
Okapia_johnstoni_dnaZoo	-0.210226645878615	-0.322856275639961	-0.0949669129119449	5.36172991307319	-0.297148511429791	-0.322761472974775	-0.27183278192264
Oreamnos_americanus	-0.390049966159979	-0.50130356925435	-0.27302715966559	4.86033980364789	-0.24625877001532	-0.273178360475627	-0.216911740875753
Orycteropus_afer_dnaZoo	-0.201908068920053	-0.309211297703206	-0.0861208778185008	4.71892000439364	-0.23184983823951	-0.261804691468205	-0.198493489519419
Oryx_dammah_dnaZoo	-0.221239973069393	-0.33166943992616	-0.0984625518934293	5.30102999566398	-0.29100981985673	-0.316862842596591	-0.267470619482793
Oryx_gazella	-0.260275805885809	-0.378235084886521	-0.146472167434334	5.22789004532761	-0.28351697744867	-0.307402044183557	-0.259039428486542
Ovibos_moschatus	-0.147117557847818	-0.267801111767048	-0.0237349678882158	5.53211851925367	-0.314726510903644	-0.342891765313211	-0.285394763373783
Ovis_ammon	-0.335393835394098	-0.445737146437974	-0.223967427875986	5.25527250510331	-0.28626320483052	-0.310492957746339	-0.26182145018892
Ovis_aries	-0.165733237426026	-0.276413135957832	-0.0457519379640756	4.77815125038364	-0.237868296541513	-0.267582537750541	-0.207554762123077
Ovis_aries_musimon	-0.452057948461849	-0.574770902441503	-0.342259459288251	4.77815125038364	-0.237868296541513	-0.267582537750541	-0.207554762123077
Ovis_canadensis	-0.332368678094515	-0.461256918890442	-0.204631733792554	4.87300014056043	-0.247526086214598	-0.274302023135812	-0.218616189642543
Ovis_dalli	-0.313985164909541	-0.444264569195066	-0.188293798631141	4.74546985106578	-0.234561245713551	-0.264939699963618	-0.203227001053553
Ovis_nivicola_lydekkeri	-0.336433825861352	-0.446787901095613	-0.220791225191021	4.95424250943933	-0.255733866346742	-0.280759399032011	-0.228351344818761
Ovis_orientalis	-0.113546540185454	-0.235910566427505	0.00737739768893117	4.77815125038364	-0.237868296541513	-0.267582537750541	-0.207554762123077
Ovis_vignei	-0.112888233188753	-0.230611054707144	0.0109431773919693	4.77815125038364	-0.237868296541513	-0.267582537750541	-0.207554762123077
Pan_paniscus	-0.277019984170046	-0.38610127878998	-0.171781995694103	4.53148019437709	-0.212676148764904	-0.251068572798017	-0.175439738142586
Pan_troglodytes_ellioti	-0.272136331312755	-0.382583972583237	-0.156269525055298	4.62838893005031	-0.222645377541713	-0.256259562593506	-0.18739906546386
Pan_troglodytes_schweinfurthii	-0.214759420648867	-0.327461049774925	-0.101940097131898	4.62838893005031	-0.222645377541713	-0.256259562593506	-0.18739906546386
Pan_troglodytes_troglodytes	-0.154278005540084	-0.265494972155798	-0.0369563973115559	4.62838893005031	-0.222645377541713	-0.256259562593506	-0.18739906546386
Pan_troglodytes_verus	-0.263266218217305	-0.370960634084092	-0.148661532847777	4.62838893005031	-0.222645377541713	-0.256259562593506	-0.18739906546386
Panthera_leo_PanLeo	-0.303377539079947	-0.410201107937439	-0.188560982610459	5.20817010644345	-0.28148172222683	-0.305274469759168	-0.257073946442897
Panthera_onca_dnaZoo	-0.235488811670745	-0.352481757978911	-0.110743578686835	5	-0.260417195836501	-0.285313793140491	-0.234133441337089
Panthera_pardus	-0.385583954276784	-0.500531249699479	-0.27597924948787	4.74036032060879	-0.23404361724103	-0.264495467004499	-0.202509065093772
Panthera_tigris_altaica	-0.427243667821134	-0.540442157777136	-0.315819959057163	5.21102437685232	-0.281770350955832	-0.305377013954468	-0.257185685952033
Panthera_tigris_dnaZoo	-0.329807334479783	-0.441621672546853	-0.214918400217443	5.21102437685232	-0.281770350955832	-0.305377013954468	-0.257185685952033
Panthera_tigris_jacksoni	-0.359479356899528	-0.470249013015713	-0.247847466441903	5.21102437685232	-0.281770350955832	-0.305377013954468	-0.257185685952033
Panthera_uncia_dnaZoo	-0.204171929680907	-0.328750551045718	-0.09471668962037	4.645097901235	-0.224325541407395	-0.257188588902997	-0.189292102420104
Parahyaena_brunnea	-0.15127569923893	-0.273317750885607	-0.026011938573619	4.50785991789886	-0.210198543812113	-0.250069101794692	-0.172824358492925
Phacochoerus_africanus	-0.0876686628506095	-0.205459025635918	0.0262288347356917	4.91645394854993	-0.251946644926397	-0.277469560769268	-0.22390907688963
Pongo_abelii	-0.208296687374213	-0.3221929457722	-0.0937472798700341	4.75396586586516	-0.235421552734293	-0.265242773862009	-0.203965118068576
Pongo_pygmaeus	-0.296230178292783	-0.404403758104246	-0.183703081036041	4.7570162347313	-0.235722288651618	-0.265609244204381	-0.204486528476256
Pongo_tapanuliensis	-0.205006616528765	-0.314574446640277	-0.0814857393032459	4.75396586586516	-0.235421552734293	-0.265242773862009	-0.203965118068576
Pseudois_nayaur	-0.164923398015119	-0.28771009131576	-0.0401563197309523	4.65321251377534	-0.225137428337206	-0.259183736054838	-0.191875718847205
Puma_concolor_dnaZoo	-0.365431230559097	-0.485660363335498	-0.251565938841328	4.71264970162721	-0.231228340845346	-0.263394453694288	-0.199719344461847
Rangifer_tarandus_caribou	-0.144926573854789	-0.263694983994807	-0.0243042497924966	4.93467011513067	-0.253748870604896	-0.279133248808902	-0.226224608708366
Rangifer_tarandus_sibiricus	-0.0304657315277809	-0.150074682624471	0.0973885719015879	4.93467011513067	-0.253748870604896	-0.279133248808902	-0.226224608708366
Rangifer_tarandus_tarandus	-0.0838557616929852	-0.203309950337588	0.0370407787571862	4.93467011513067	-0.253748870604896	-0.279133248808902	-0.226224608708366
Redunca_redunca	-0.177013177933751	-0.292552274336226	-0.0648463967137988	4.64394985638039	-0.224196524372157	-0.258043207453041	-0.19008347628156
Rhinoceros_unicornis	-0.511309470196453	-0.632375872386937	-0.39561439432052	6.20475277706271	-0.383589552196989	-0.43639796453541	-0.331821668108904
Sus_scrofa_scrofa	-0.346826310565868	-0.452690031514164	-0.231183579431184	5.00454534317478	-0.260917857330105	-0.285850854481887	-0.234801672471144
Syncerus_caffer	-0.153725792685088	-0.284043839144555	-0.0307365177626272	5.76343001527392	-0.338386812822573	-0.374647448077098	-0.303472163942311
Tapirus_indicus_dnaZoo	-0.377995985505713	-0.485883782642633	-0.263504916336099	5.47165835901816	-0.308480178398548	-0.336041511445581	-0.281393566217761
Tapirus_terrestris_dnaZoo	-0.121283440931118	-0.239237243014332	0.00122829120789727	5.31701998473094	-0.292648464880602	-0.318387374173845	-0.268798615639958
Tragelaphus_eurycerus	-0.384622362528981	-0.496960881530505	-0.270117980279988	5.51719999006715	-0.313240996185944	-0.341162994391276	-0.284376507015315
Tragelaphus_oryx	-0.163897064868841	-0.284372300512209	-0.045562708263512	5.7558699793562	-0.337662543220384	-0.374077820814887	-0.30348688370573
Tragelaphus_scriptus	-0.123151602088222	-0.241633403207993	-0.0107336819269106	4.63599012837862	-0.223372454864471	-0.256859447395977	-0.188419528911264
Tragelaphus_spekii	-0.495873351508068	-0.623594864139748	-0.371078548544488	4.89209014836526	-0.249467970253098	-0.275285678462521	-0.220566358195137
Tragelaphus_strepsiceros	-0.270036621951974	-0.389051123464324	-0.145370669780986	5.32939991352247	-0.293895259540274	-0.319980065896861	-0.270006809006791
Tremarctos_ornatus_dnaZoo	-0.311214075577346	-0.438748620721618	-0.183495375439815	5.14612989693631	-0.275266094853579	-0.298814726424381	-0.250209589676054
Ursus_americanus_dnaZoo	-0.465830776090503	-0.582256028227704	-0.35112376268428	4.99978019137588	-0.260390421697985	-0.285290947289825	-0.23410666842377
Ursus_arctos_dnaZoo	-0.403905327841703	-0.518103126003671	-0.291787224022581	5.25652628716586	-0.286389097480038	-0.310652747648207	-0.261950887296887
Ursus_arctos_horribilis	-0.313097220752473	-0.429376232718999	-0.200761745976797	5.25652628716586	-0.286389097480038	-0.310652747648207	-0.261950887296887
Ursus_maritimus_dnaZoo	-0.271126594743587	-0.403186474769749	-0.151549631597493	5.25652628716586	-0.286389097480038	-0.310652747648207	-0.261950887296887
Ursus_thibetanus_japonicus	-0.420798204956092	-0.539543410246613	-0.308094647742615	4.88930170250631	-0.249196023876959	-0.275073378822995	-0.220197602991836
Ursus_thibetanus_thibetanus	-0.160031082784942	-0.284675861146734	-0.0462023055886126	4.88930170250631	-0.249196023876959	-0.275073378822995	-0.220197602991836
Vicugna_pacos_dnaZoo	-0.0710514799609902	-0.205568546753471	0.0514558741889203	4.67668995239278	-0.227515942932116	-0.260450085673858	-0.194623741686359
Vicugna_vicugna_mensalis	-0.262586324039394	-0.378874166397141	-0.148833417589211	4.67668995239278	-0.227515942932116	-0.260450085673858	-0.194623741686359
Vicugna_vicugna_vicugna	-0.092071597236467	-0.216178449554948	0.0387822946288495	4.67668995239278	-0.227515942932116	-0.260450085673858	-0.194623741686359
